1,Peugeot,L750R Hybrid VGT 2017,8.9,7.7,6.5,6.5,8.6,693,0,1000000
2,Mazda,LM55 VGT,10.0,8.9,5.8,5.8,7.4,641,0,1000000
3,Bugatti,Bugatti VGT,9.0,8.3,6.4,6.4,7.3,641,0,1000000
4,Hyundai,N 2025 VGT,9.5,9.4,5.9,5.9,6.6,640,0,1000000
5,Nissan,GT-R LM Nismo 2015,8.7,8.5,5.9,6.0,7.8,604,0,1000000
6,Dodge,SRT Tomahawk,9.8,7.2,6.4,6.4,5.9,693,0,1000000
7,Porsche,919 Hybrid 2016,9.2,6.9,6.0,6.0,7.5,500,0,1000000
8,Peugeot,908 2010,9.5,6.8,5.8,5.8,6.3,700,0,1000000
9,Alpine,Alpine VGT 2017,9.7,5.9,6.1,6.1,6.4,594,0,1000000
10,Toyota,TS050 Hybrid 2016,8.7,6.1,6.0,5.9,7.5,506,0,1000000
11,McLaren,Ultimate VGT,9.6,7.9,5.8,5.9,4.9,936,0,1000000
12,Audi,R18 TDI 2011,8.7,6.6,6.1,6.0,6.6,553,0,1000000
13,Toyota,TS030 Hybrid 2012,8.2,5.9,6.2,6.2,7.0,529,0,1000000